20
10
30
-5
12
14
17
16
25
3
26
19
7
26
5
16
29
12
9
21
17
6
15
1
12
21
23
26
3
8
17
11
25
27
22
24
27
16
22
22
24
29
15
22
29
28
22
25
16
19
29
4
16
1
7
16
5
29
17
6
1
6
22
19
5
8
15
11
17
25
2
10
13
9
13
22
14
6
14
11
6
3
7
26
28
25
17
29
24
2
15
23
4
7
14
10
1
1
10
23
26
9
2
16
27
18
20
1
12
4
30
25
18
17
14
20
6
5
8
15
21
11
2
20
21
27
1
17
6
8
10
26
4
20
10
29
29
9
30
8
24
9
6
21
25
14
12
16
1
2
18
30
6
25
23
14
20
12
28
11
18
4
4
15
4
28
26
3
14
18
26
12
25
6
27
29
6
21
9
7
16
24
18
1
10
9
2
13
2
18
28
16
13
17
3
9
5
22
25
6
28
5
20
4
26
3
4
10
12
14
7
29
25
12
10
2
18
28
4
16
26
15
18
10
8
13
27
24
27
15
24
11
17
23
25
12
17
28
25
22
28
4
3
1
30
5
28
30
15
5
7
20
6
8
14
16
30
11
18
26
9
11
17
8
28
19
23
25
12
25
7
23
15
28
21
13
29
2
24
17
12
23
17
27
8
13
9
29
1
3
14
30
24
6
11
1
4
10
2
24
9
20
13
13
24
18
25
16
24
5
4
26
26
24
22
7
10
17
3
25
16
23
27
1
7
30
14
10
25
6
23
13
1
7
23
22
14
24
27
24
2
19
9
25
19
18
10
4
14
1
5
26
23
14
23
13
23
18
18
13
24
23
7
4
25
17
1
6
1
8
4
23
17
4
13
1
12
23
4
1
21
26
29
16
6
27
15
11
20
18
11
21
17
16
1
10
4
23
26
26
25
20
14
25
29
20
8
23
30
5
23
24
20
4
28
20
24
16
27
20
25
20
12
16
13
26
25
23
27
17
15
25
26
2
6
19
15
15
13
25
3
8
14
3
17
10
26
7
26
25
10
4
12
19
7
3
5
27
1
8
2
20
28
10
9
15
11
1
7
3
7
10
13
7
4
22
2
25
11
29
5
11
26
16
7
29
5
30
3
15
27
23
9
20
29
13
27
7
28
28
21
17
19
16
19
30
5
20
4
4
17
12
10
10
1
8
11
12
7
6
27
1
25
19
6
28
13
2
26
27
21
30
13
26
29
8
26
22
12
2
7
15
28
27
14
25
28
22
4
23
3
8
12
15
9
10
27
5
2
23
11
13
16
21
2
18
13
27
23
16
27
8
23
19
18
10
23
20
28
5
25
1
15
27
30
3
11
5
2
10
12
24
13
16
30
26
13
14
6
11
28
15
2
30
12
22
26
8
1
5
17
27
15
21
26
28
30
23
24
24
16
23
28
30
22
26
11
17
3
16
15
11
10
15
28
15
22
1
4
30
11
3
19
14
29
8
24
6
3
10
7
4
29
4
20
29
8
2
30
23
25
1
24
28
1
24
19
19
6
16
17
17
5
30
7
24
25
11
11
12
15
13
20
14
20
1
20
18
19
10
19
25
14
11
17
13
3
19
13
5
26
24
7
5
19
2
17
27
7
12
2
24
10
26
12
10
18
6
2
21
26
27
25
3
5
25
24
4
30
11
21
21
6
4
3
22
6
18
13
5
29
15
13
18
12
30
29
16
13
4
5
2
29
8
25
26
2
20
3
13
26
29
12
14
19
10
11
30
1
6
23
25
18
17
26
26
28
8
14
4
24
21
16
7
13
21
5
10
26
4
20
20
11
26
4
26
11
28
3
13
13
23
18
6
13
14
8
4
16
14
19
1
19
23
12
8
5
20
11
15
25
12
27
19
26
20
24
26
21
24
24
28
28
30
22
24
23
30
26
21
5
12
20
7
15
7
21
1
30
9
8
24
12
14
5
29
15
27
30
1
22
18
24
11
20
26
21
7
12
25
28
8
16
25
28
21
24
6
17
28
19
8
23
6
11
6
13
4
9
1
18
28
5
20
23
21
7
7
5
3
5
3
29
14
4
6
26
16
8
25
13
15
1
28
28
12
22
8
1
10
17
19
7
27
16
23
20
9
4
16
15
7
6
29
30
15
15
26
25
4
26
26
2
28
25
9
28
3
10
7
4
26
11
29
23
2
28
2
16
16
24
8
26
30
11
1
8
22
26
1
3
12
25
29
13
17
5
28
25
30
18
21
26
2
24
6
8
9
18
18
28
18
30
25
16
20
3
16
23
23
10
10
1
16